Qg: [    1.77764,    3.16228]
xg: [    0.30000,    0.35000,    0.40000]
zg: [    0.55000,    0.60000,    0.65000,    0.70000]
qToQg: [    0.30000,    0.35000,    0.40000,    0.45000,    0.50000]
Prefactor: [[  0.0010648,  0.0007769,  0.0005879],[  0.0100348,  0.0073955,  0.0056625]]
StructureFunction: [[[[  0.0024748,  0.0025828,  0.0026077,  0.0025487,  0.0024194],[  0.0021829,  0.0022475,  0.0022234,  0.0021239,  0.0019652],[  0.0019997,  0.0020184,  0.0019515,  0.0018161,  0.0016317],[  0.0018431,  0.0018203,  0.0017162,  0.0015518,  0.0013498]],[[  0.0013879,  0.0014546,  0.0014647,  0.0014270,  0.0013496],[  0.0012335,  0.0012661,  0.0012481,  0.0011874,  0.0010935],[  0.0011316,  0.0011377,  0.0010949,  0.0010135,  0.0009052],[  0.0010430,  0.0010248,  0.0009604,  0.0008624,  0.0007443]],[[  0.0004000,  0.0004187,  0.0004199,  0.0004072,  0.0003830],[  0.0003574,  0.0003655,  0.0003586,  0.0003392,  0.0003103],[  0.0003276,  0.0003278,  0.0003136,  0.0002883,  0.0002554],[  0.0003007,  0.0002936,  0.0002732,  0.0002432,  0.0002078]]],[[[  0.0013568,  0.0012217,  0.0010383,  0.0008348,  0.0006364],[  0.0010653,  0.0009306,  0.0007613,  0.0005854,  0.0004238],[  0.0008630,  0.0007284,  0.0005721,  0.0004196,  0.0002874],[  0.0007041,  0.0005739,  0.0004327,  0.0003024,  0.0001955]],[[  0.0007482,  0.0006722,  0.0005670,  0.0004515,  0.0003398],[  0.0005886,  0.0005107,  0.0004140,  0.0003147,  0.0002242],[  0.0004759,  0.0003984,  0.0003097,  0.0002240,  0.0001504],[  0.0003867,  0.0003123,  0.0002325,  0.0001598,  0.0001009]],[[  0.0002083,  0.0001850,  0.0001534,  0.0001192,  0.0000864],[  0.0001643,  0.0001406,  0.0001119,  0.0000827,  0.0000563],[  0.0001324,  0.0001092,  0.0000830,  0.0000581,  0.0000369],[  0.0001067,  0.0000847,  0.0000616,  0.0000407,  0.0000239]]]]
